ow-hw  553.0    0.9572         TIP3P_Water        1         
hw-hw  553.0    1.5136         TIP3P_Water        1         
br-br   81.0    2.5420             SOURCE1        4         
br-c   114.31   2.0128                2021        2   0.0000
br-c1  196.60   1.7926                2021        3   0.0009
br-c2  147.76   1.9054                2021       25   0.0078
br-c3  123.31   1.9805                2021      101   0.0105
br-c5  119.19   1.9949                2021        9   0.0130
br-c6  116.96   2.0030                2021       45   0.0119
br-ca  145.49   1.9117                2021      335   0.0050
br-cc  155.28   1.8853                2021       74   0.0082
br-cd  155.01   1.8860                2021       15   0.0082
br-ce  148.05   1.9046                2021       12   0.0099
br-cf  132.53   1.9502                2021        1   0.0000
br-cs  141.88   1.9220                2021        1   0.0000
br-cx  136.81   1.9370                2021       11   0.0019
br-cy  132.40   1.9506                2021        5   0.0056
br-n1  141.5    1.8600             SOUECE3        1         
br-n   130.36   1.8645                2021        2   0.0005
br-n2  108.05   1.9408                2021        1   0.0000
br-n3  110.4    1.9520             SOURCE3        2         
br-n4  118.3    1.9260             SOURCE3        3   0.0013
br-n7  108.15   1.9404                2021        1   0.0000
br-na  131.84   1.8600                2021        1   0.0000
br-nh  112.8    1.9440             SOURCE3        1         
br-no   79.56   2.0720                2021        1   0.0000
br-ns  123.95   1.8847                2021        2   0.0006
br-nu  101.65   1.9663                2021        2   0.0002
br-ny  110.29   1.9323                2021        2   0.0000
br-nz  109.05   1.9370                2021        1   0.0000
br-o   193.6    1.8000             SOUECE3        1         
br-oh  145.40   1.8690                2021        1   0.0000
br-os  143.59   1.8740                2021        1   0.0000
br-p2  121.29   2.2558                2021        1   0.0000
br-p3  121.79   2.2538                2021        2   0.0000
br-p4  164.10   2.1147                2021        1   0.0000
br-p5  132.02   2.2153                2021        2   0.0060
br-s   169.2    2.2200             SOUECE3        1         
br-s4  128.8    2.3410             SOURCE3        1         
br-s6  146.90   2.2544                2021        2   0.0000
br-sh  155.56   2.2270                2021        1   0.0000
br-ss  155.13   2.2283                2021        2   0.0002
c1-c1  699.13   1.2095                2021      394   0.0045
c1-c2  466.85   1.3185                2021       60   0.0319
c1-c3  284.58   1.4656                2021      503   0.0037
c1-c5  277.77   1.4732                2021       68   0.0030
c1-c6  278.48   1.4724                2021       37   0.0049
c1-ca  325.6    1.4400             SOUECE3        1         
c1-cc  322.23   1.4272                2021        1   0.0000
c1-ce  336.10   1.4144                2021       22   0.0259
c1-cf  311.66   1.4374                2021        2   0.0444
c1-cg  684.97   1.2148                2021      157   0.0027
c1-ch  685.23   1.2147                2021       13   0.0016
c1-cl  250.10   1.6532                2021        2   0.0001
c1-cv  487.26   1.3065                2021        1   0.0000
c1-cx  304.46   1.4446                2021       24   0.0043
c1-cy  285.76   1.4643                2021        3   0.0061
c1-f   482.2    1.2700             SOURCE2        2   0.0085
c1-ha  392.43   1.0666                2021      280   0.0008
c1-hc  448.2    1.0600             SOUECE3        1         
c1-i   102.82   2.1756                2021        1   0.0000
c1-n1  751.25   1.1619                2021      311   0.0024
c1-n2  658.45   1.1951                2021       31   0.0070
c1-n3  397.76   1.3310                2021        3   0.0051
c1-n   428.9    1.3300             SOUECE3        1         
c1-n4  289.30   1.4247                2021        2   0.0001
c1-n7  378.09   1.3455                2021        4   0.0043
c1-n8  374.69   1.3481                2021        2   0.0004
c1-na  376.65   1.3466                2021        1   0.0000
c1-ne  636.97   1.2036                2021       21   0.0141
c1-nf  720.5    1.2020     SOURCE4_SOURCE5       21   0.0141
c1-nh  352.74   1.3656                2021        3   0.0022
c1-nj  377.30   1.3461                2021        1   0.0000
c1-no  300.68   1.4130                2021        2   0.0120
c1-ns  377.17   1.3462                2021        2   0.0000
c1-nu  383.53   1.3414                2021       15   0.0033
c1-ny  293.90   1.4199                2021        2   0.0000
c1-nz  301.68   1.4120                2021        1   0.0000
c1-o   701.76   1.1749                2021       22   0.0074
c1-oh  430.35   1.3043                2021        2   0.0000
c1-os  415.54   1.3141                2021        5   0.0037
c1-p2  442.30   1.5550                2021        1   0.0000
c1-p3  203.9    1.7900             SOUECE3        1         
c1-p4  234.44   1.7809                2021        2   0.0179
c1-p5  228.55   1.7906                2021        1   0.0000
c1-s2  380.5    1.5950             SOURCE3        1         
c1-s   363.87   1.5925                2021       37   0.0043
c1-s4  231.16   1.7546                2021        3   0.0020
c1-s6  238.97   1.7422                2021        5   0.0245
c1-sh  262.99   1.7069                2021        3   0.0003
c1-ss  274.01   1.6920                2021       49   0.0113
c1-sy  254.16   1.7194                2021        1   0.0000
c2-c2  436.00   1.3379                2021     2753   0.0038
c2-c3  248.40   1.5088                2021     4200   0.0036
c2-c5  243.38   1.5154                2021     1095   0.0063
c2-c6  244.96   1.5133                2021     2209   0.0058
c2-ca  385.05   1.3739                2021        9   0.0149
c2-cc  412.83   1.3536                2021       99   0.0159
c2-cd  407.59   1.3573                2021       12   0.0131
c2-ce  424.30   1.3457                2021     2927   0.0058
c2-cf  421.36   1.3477                2021      250   0.0041
c2-cl  196.04   1.7415                2021      127   0.0097
c2-cu  458.00   1.3239                2021       11   0.0010
c2-cv  444.02   1.3327                2021        2   0.0002
c2-cx  267.76   1.4848                2021       76   0.0060
c2-cy  247.02   1.5106                2021       21   0.0067
c2-f   350.61   1.3375                2021       35   0.0085
c2-h4  359.91   1.0865                2021      477   0.0026
c2-h5  353.32   1.0908                2021       74   0.0023
c2-ha  357.29   1.0882                2021     5194   0.0015
c2-hc  393.9    1.0870             SOURCE3      789   0.0046
c2-hx  364.44   1.0836                2021        3   0.0002
c2-i   103.07   2.1745                2021        7   0.0194
c2-n1  470.9    1.3060             SOURCE3        4   0.0161
c2-n2  475.99   1.2809                2021      901   0.0045
c2-n   313.87   1.4001                2021       71   0.0099
c2-n3  293.23   1.4206                2021        2   0.0000
c2-n4  213.34   1.5205                2021        3   0.0294
c2-na  303.08   1.4106                2021       34   0.0079
c2-nc  458.2    1.3130             SOURCE1       99   0.0095
c2-nd  458.2    1.3130             SOURCE1       99         
c2-ne  454.84   1.2934                2021      268   0.0098
c2-nf  442.38   1.3011                2021        5   0.0096
c2-nh  333.92   1.3817                2021      194   0.0127
c2-nm  311.16   1.4027                2021        4   0.0014
c2-no  267.46   1.4488                2021       20   0.0157
c2-ns  316.82   1.3973                2021       94   0.0097
c2-nu  326.22   1.3886                2021      908   0.0094
c2-nv  324.58   1.3901                2021      404   0.0134
c2-nx  227.62   1.4996                2021        1   0.0000
c2-ny  213.41   1.5204                2021        7   0.0058
c2-nz  204.95   1.5336                2021        4   0.0115
c2-o   577.40   1.2249                2021       20   0.0030
c2-oh  376.23   1.3423                2021       85   0.0126
c2-os  350.47   1.3628                2021      233   0.0120
c2-p2  321.31   1.6649                2021       25   0.0074
c2-p3  201.99   1.8385                2021        1   0.0000
c2-p4  186.1    1.8220             SOUECE3        1         
c2-p5  190.62   1.8614                2021       10   0.0112
c2-pe  313.65   1.6735                2021        8   0.0019
c2-pf  275.1    1.6890     SOURCE3_SOURCE5        8   0.0019
c2-py  149.43   1.9608                2021        1   0.0000
c2-s2  194.93   1.8197                2021        1   0.0000
c2-s   277.52   1.6874                2021        2   0.0246
c2-s4  137.43   1.9608                2021        2   0.0337
c2-s6  193.43   1.8227                2021        2   0.0010
c2-sh  213.53   1.7846                2021        8   0.0102
c2-ss  213.76   1.7842                2021      390   0.0242
c3-c3  228.89   1.5354                2021    33079   0.0044
c3-c5  227.64   1.5372                2021     2795   0.0062
c3-c6  223.80   1.5428                2021     3803   0.0066
c3-ca  243.91   1.5147                2021     7362   0.0051
c3-cc  255.14   1.5002                2021     1547   0.0046
c3-cd  253.87   1.5018                2021     1379   0.0043
c3-ce  246.79   1.5109                2021      464   0.0038
c3-cf  247.02   1.5106                2021      199   0.0023
c3-cl  164.00   1.8092                2021      804   0.0089
c3-cs  243.68   1.5150                2021       38   0.0082
c3-cu  268.18   1.4843                2021        2   0.0000
c3-cv  263.1    1.5010              5/2017        1         
c3-cx  241.88   1.5174                2021      463   0.0039
c3-cy  232.49   1.5303                2021      307   0.0036
c3-f   334.28   1.3512                2021     1449   0.0067
c3-h1  344.22   1.0969                2021    79666   0.0051
c3-h2  347.02   1.0950                2021      689   0.0027
c3-h3  348.80   1.0938                2021       26   0.0030
c3-hc  345.25   1.0962                2021    96029   0.0013
c3-hx  352.86   1.0911                2021     5560   0.0020
c3-i    92.37   2.2260                2021       22   0.0114
c3-n1  283.85   1.4305                2021        3   0.0004
c3-n2  260.82   1.4566                2021      297   0.0055
c3-n   254.46   1.4643                2021     1382   0.0051
c3-n3  255.85   1.4626                2021     4663   0.0039
c3-n4  215.86   1.5167                2021     1841   0.0121
c3-n7  255.52   1.4630                2021     2228   0.0045
c3-n8  253.81   1.4651                2021     1176   0.0039
c3-na  254.79   1.4639                2021     1294   0.0075
c3-nc  269.3    1.4560             SOURCE3        9   0.0109
c3-nd  269.3    1.4560             SOURCE3        9         
c3-nh  256.92   1.4613                2021      970   0.0065
c3-nj  262.33   1.4548                2021        7   0.0059
c3-nk  222.99   1.5062                2021        6   0.0073
c3-nl  227.83   1.4993                2021        1   0.0000
c3-no  211.58   1.5232                2021       49   0.0148
c3-np  256.75   1.4615                2021       25   0.0025
c3-nq  263.26   1.4537                2021       13   0.0048
c3-ns  261.66   1.4556                2021     1308   0.0039
c3-nu  258.82   1.4590                2021      840   0.0052
c3-nx  219.76   1.5109                2021       76   0.0096
c3-ny  222.43   1.5070                2021       28   0.0082
c3-nz  238.81   1.4843                2021       72   0.0200
c3-o   406.05   1.3206                2021       12   0.0276
c3-oh  285.15   1.4242                2021     4300   0.0054
c3-os  282.27   1.4273                2021     8808   0.0100
c3-p2  185.39   1.8725                2021        1   0.0000
c3-p3  186.36   1.8704                2021       98   0.0070
c3-p4  196.92   1.8485                2021       16   0.0047
c3-p5  199.23   1.8439                2021      360   0.0185
c3-px  197.52   1.8473                2021        7   0.0021
c3-py  201.07   1.8403                2021       12   0.0140
c3-s   184.13   1.8420                2021        3   0.0000
c3-s4  183.10   1.8442                2021      155   0.0145
c3-s6  198.48   1.8127                2021      464   0.0137
c3-sh  182.92   1.8446                2021      157   0.0052
c3-ss  184.74   1.8407                2021     1652   0.0110
c3-sx  177.54   1.8564                2021       64   0.0146
c3-sy  198.12   1.8134                2021      109   0.0084
c5-c5  220.10   1.5483                2021    10572   0.0073
c5-c6  226.47   1.5389                2021     2004   0.0061
c5-ca  243.60   1.5151                2021     1156   0.0055
c5-cc  251.51   1.5048                2021      126   0.0067
c5-cd  249.33   1.5076                2021       88   0.0060
c5-ce  241.66   1.5177                2021      249   0.0057
c5-cf  227.37   1.5376                2021       89   0.0058
c5-cl  163.96   1.8093                2021       48   0.0133
c5-cs  231.42   1.5318                2021        7   0.0088
c5-cx  231.85   1.5312                2021      208   0.0060
c5-cy  224.00   1.5425                2021      188   0.0060
c5-f   291.13   1.3917                2021       53   0.0116
c5-h1  343.78   1.0972                2021    10329   0.0048
c5-h2  346.28   1.0955                2021     1258   0.0021
c5-h3  345.84   1.0958                2021        8   0.0026
c5-hc  346.43   1.0954                2021    10951   0.0014
c5-hx  351.96   1.0917                2021      247   0.0013
c5-i    91.50   2.2305                2021        3   0.0071
c5-n2  248.77   1.4714                2021      292   0.0050
c5-n   251.07   1.4685                2021      720   0.0062
c5-n3  249.40   1.4706                2021      817   0.0057
c5-n4  202.77   1.5371                2021      131   0.0100
c5-n7  249.40   1.4706                2021      291   0.0062
c5-n8  257.41   1.4607                2021       48   0.0038
c5-na  260.40   1.4571                2021      301   0.0067
c5-nh  249.24   1.4708                2021      283   0.0077
c5-nj  265.74   1.4508                2021       58   0.0053
c5-no  207.66   1.5293                2021        6   0.0127
c5-np  232.51   1.4928                2021        2   0.0088
c5-ns  262.59   1.4545                2021      201   0.0046
c5-nu  250.52   1.4692                2021      264   0.0053
c5-nx  213.47   1.5203                2021       11   0.0115
c5-ny  213.80   1.5198                2021       12   0.0134
c5-o   600.45   1.2147                2021        1   0.0000
c5-oh  289.69   1.4194                2021     1414   0.0062
c5-os  275.61   1.4346                2021     3460   0.0083
c5-p3  181.73   1.8805                2021        8   0.0027
c5-p5  188.38   1.8661                2021       18   0.0103
c5-py  191.77   1.8590                2021        7   0.0049
c5-s   190.58   1.8285                2021        1   0.0000
c5-s4  172.18   1.8686                2021       15   0.0155
c5-s6  171.83   1.8694                2021       21   0.0246
c5-sh  179.52   1.8520                2021        2   0.0003
c5-ss  180.02   1.8509                2021      377   0.0122
c5-sx  160.80   1.8961                2021        3   0.0102
c5-sy  179.61   1.8518                2021        5   0.0184
c6-c6  226.81   1.5384                2021    20772   0.0060
c6-ca  239.73   1.5203                2021     2153   0.0056
c6-cc  253.39   1.5024                2021      420   0.0044
c6-cd  250.49   1.5061                2021      329   0.0063
c6-ce  239.14   1.5211                2021      450   0.0057
c6-cf  235.86   1.5256                2021       80   0.0072
c6-cl  152.16   1.8384                2021       61   0.0111
c6-cs  221.44   1.5463                2021       10   0.0081
c6-cv  254.58   1.5009                2021        1   0.0000
c6-cx  234.27   1.5278                2021      171   0.0068
c6-cy  225.51   1.5403                2021       41   0.0048
c6-f   279.10   1.4043                2021      102   0.0120
c6-h1  342.02   1.0984                2021    13104   0.0033
c6-h2  341.88   1.0985                2021      580   0.0033
c6-h3  345.84   1.0958                2021        7   0.0036
c6-hc  342.75   1.0979                2021    25170   0.0014
c6-hx  349.85   1.0931                2021      373   0.0009
c6-i    86.32   2.2585                2021        8   0.0109
c6-n1  282.46   1.4320                2021        3   0.0010
c6-n2  258.07   1.4599                2021      102   0.0059
c6-n   252.36   1.4669                2021      513   0.0065
c6-n3  253.33   1.4657                2021     3293   0.0040
c6-n4  207.21   1.5300                2021      196   0.0069
c6-n7  253.65   1.4653                2021      937   0.0031
c6-n8  251.96   1.4674                2021      165   0.0036
c6-na  251.64   1.4678                2021       83   0.0091
c6-nh  252.92   1.4662                2021      939   0.0051
c6-nj  258.98   1.4588                2021        1   0.0000
c6-nl  216.05   1.5164                2021        1   0.0000
c6-no  197.67   1.5455                2021       15   0.0105
c6-np  264.20   1.4526                2021        1   0.0000
c6-nq  261.32   1.4560                2021        5   0.0011
c6-ns  257.58   1.4605                2021      230   0.0040
c6-nu  257.49   1.4606                2021      202   0.0056
c6-nx  216.59   1.5156                2021       17   0.0072
c6-ny  205.01   1.5335                2021        2   0.0000
c6-nz  212.49   1.5218                2021        2   0.0007
c6-o   440.85   1.2976                2021        2   0.0236
c6-oh  285.25   1.4241                2021     2105   0.0061
c6-os  279.78   1.4300                2021     2715   0.0094
c6-p3  175.40   1.8948                2021        4   0.0106
c6-p5  197.67   1.8470                2021       26   0.0105
c6-py  195.04   1.8523                2021        6   0.0046
c6-s4  175.67   1.8606                2021       23   0.0178
c6-s6  192.98   1.8236                2021       22   0.0118
c6-sh  174.66   1.8629                2021        4   0.0114
c6-ss  184.31   1.8416                2021      307   0.0081
c6-sx  181.67   1.8473                2021        3   0.0010
c6-sy  194.23   1.8211                2021       14   0.0102
ca-ca  354.25   1.3986                2021   114978   0.0056
ca-cc  296.50   1.4528                2021     1453   0.0123
ca-cd  288.79   1.4610                2021      971   0.0119
ca-ce  271.85   1.4800                2021     1282   0.0101
ca-cf  285.30   1.4648                2021      397   0.0061
ca-cg  317.41   1.4318                2021      229   0.0024
ca-ch  327.13   1.4226                2021       18   0.0026
ca-cl  187.98   1.7572                2021     2215   0.0048
ca-cp  346.07   1.4056                2021     2009   0.0049
ca-cq  354.25   1.3986                2021       33   0.0078
ca-cs  261.44   1.4924                2021       15   0.0070
ca-cx  258.91   1.4955                2021       67   0.0051
ca-cy  243.00   1.5159                2021       27   0.0058
ca-f   335.44   1.3502                2021     1034   0.0051
ca-h4  356.82   1.0885                2021     2586   0.0010
ca-h5  357.59   1.0880                2021      284   0.0005
ca-ha  360.69   1.0860                2021    63960   0.0009
ca-i   107.06   2.1569                2021       61   0.0076
ca-n1  391.80   1.3353                2021        6   0.0078
ca-n2  374.30   1.3484                2021       10   0.0522
ca-n   291.11   1.4228                2021      526   0.0095
ca-n4  224.10   1.5046                2021       18   0.0067
ca-na  329.32   1.3858                2021     2601   0.0095
ca-nb  386.49   1.3392                2021     6702   0.0055
ca-nc  329.99   1.3852                2021      432   0.0060
ca-nd  328.65   1.3864                2021      414   0.0041
ca-ne  311.78   1.4021                2021      222   0.0100
ca-nf  303.79   1.4099                2021       54   0.0062
ca-nh  310.84   1.4030                2021      624   0.0168
ca-nj  307.96   1.4058                2021        2   0.0004
ca-nm  333.35   1.3822                2021       19   0.0036
ca-nn  341.71   1.3749                2021        7   0.0030
ca-no  250.20   1.4696                2021      454   0.0049
ca-ns  306.73   1.4070                2021      792   0.0070
ca-nu  319.92   1.3944                2021     1014   0.0125
ca-nv  342.30   1.3744                2021     1021   0.0102
ca-nx  235.08   1.4893                2021        2   0.0040
ca-ny  229.12   1.4975                2021        2   0.0000
ca-nz  240.55   1.4820                2021        2   0.0000
ca-o   549.99   1.2377                2021       12   0.0114
ca-oh  348.55   1.3644                2021     3637   0.0062
ca-os  343.34   1.3688                2021     5808   0.0063
ca-p2  176.9    1.8400             SOUECE3        1         
ca-p3  197.02   1.8483                2021       11   0.0081
ca-p4  194.7    1.8060             SOUECE3        1         
ca-p5  212.82   1.8181                2021        6   0.0011
ca-pe  199.89   1.8426                2021        1   0.0000
ca-pf  182.5    1.8290             SOURCE3       10   0.0042
ca-px  209.08   1.8250                2021        1   0.0000
ca-py  212.16   1.8193                2021       29   0.0102
ca-s2  241.81   1.7378                2021        2   0.0000
ca-s   234.96   1.7485                2021        2   0.0005
ca-s4  214.32   1.7832                2021        1   0.0000
ca-s6  190.14   1.8294                2021       29   0.0080
ca-sh  215.16   1.7817                2021       28   0.0058
ca-ss  213.48   1.7847                2021      719   0.0079
ca-sx  192.29   1.8250                2021       66   0.0057
ca-sy  209.82   1.7913                2021      690   0.0076
c -c1  250.88   1.5056                2021        1   0.0000
c -c   219.37   1.5494                2021      213   0.0088
c -c2  308.44   1.4406                2021        2   0.0066
c -c3  234.85   1.5270                2021     6625   0.0086
c -c5  229.45   1.5346                2021     1678   0.0074
c -c6  233.63   1.5287                2021     1545   0.0070
c -ca  262.84   1.4907                2021     3861   0.0089
c -cc  281.78   1.4687                2021     1692   0.0122
cc-cc  322.02   1.4274                2021     1438   0.0114
cc-cd  386.24   1.3730                2021     7928   0.0083
cc-ce  296.31   1.4530                2021      247   0.0094
cc-cf  404.10   1.3598                2021       75   0.0078
cc-cg  330.38   1.4196                2021       52   0.0053
cc-ch  341.2    1.4270             SOURCE1      560         
cc-cl  199.24   1.7355                2021       96   0.0079
cc-cs  318.24   1.4310                2021       36   0.0110
cc-cx  281.42   1.4691                2021       24   0.0036
cc-cy  259.80   1.4944                2021        1   0.0000
c -cd  278.12   1.4728                2021     1998   0.0216
c -ce  267.76   1.4848                2021     2064   0.0117
c -cf  270.22   1.4819                2021      343   0.0108
cc-f   346.59   1.3408                2021       46   0.0041
c -cg  298.61   1.4506                2021       11   0.0089
c -ch  298.90   1.4503                2021        4   0.0023
cc-h4  368.72   1.0809                2021     2038   0.0014
cc-h5  366.97   1.0820                2021      838   0.0010
cc-ha  364.12   1.0838                2021     1399   0.0013
cc-hx  365.86   1.0827                2021        3   0.0013
cc-i   115.94   2.1205                2021       11   0.0086
c -cl  156.81   1.8266                2021        8   0.0119
cc-n1  416.60   1.3179                2021        1   0.0000
cc-n2  458.15   1.2914                2021      114   0.0069
cc-n   331.66   1.3837                2021      368   0.0086
cc-n4  226.49   1.5012                2021        6   0.0273
cc-na  335.50   1.3803                2021     4566   0.0085
cc-nc  356.03   1.3629                2021      534   0.0101
cc-nd  419.72   1.3158                2021     2640   0.0074
cc-ne  337.56   1.3785                2021       41   0.0102
cc-nf  456.66   1.2923                2021       14   0.0089
cc-nh  342.88   1.3739                2021      124   0.0113
cc-nm  298.70   1.4150                2021       22   0.0063
cc-no  284.50   1.4298                2021      238   0.0079
cc-ns  335.39   1.3804                2021      251   0.0077
cc-nu  339.63   1.3767                2021      212   0.0100
cc-nv  349.26   1.3685                2021      192   0.0098
cc-ny  242.00   1.4801                2021        1   0.0000
cc-o   594.24   1.2174                2021        4   0.0074
cc-oh  370.38   1.3468                2021      127   0.0078
cc-os  351.19   1.3622                2021     1041   0.0077
cc-p3  205.42   1.8319                2021        2   0.0007
cc-p5  174.27   1.8974                2021        1   0.0000
cc-pc  225.00   1.7966                2021        2   0.0027
cc-pd  240.8    1.7330             SOURCE3       84   0.0161
cc-py  214.30   1.8154                2021        2   0.0000
cc-s2  213.20   1.7852                2021        3   0.0055
c -cs  226.19   1.5393                2021        2   0.0008
cc-s   255.97   1.7168                2021        2   0.0195
cc-s4  221.20   1.7712                2021        2   0.0000
cc-s6  197.76   1.8141                2021        6   0.0108
cc-sh  222.19   1.7695                2021       14   0.0031
cc-sq  217.90   1.7769                2021        3   0.0006
cc-ss  231.66   1.7538                2021     1299   0.0097
cc-sx  200.07   1.8096                2021       23   0.0025
cc-sy  211.36   1.7885                2021       43   0.0108
c -cu  360.2    1.4120             SOURCE2        1         
c -cx  252.53   1.5035                2021      245   0.0110
c -cy  217.66   1.5520                2021      373   0.0059
cd-cd  321.49   1.4279                2021     2381   0.0093
cd-ce  390.21   1.3700                2021       81   0.0133
cd-cf  292.52   1.4570                2021      149   0.0081
cd-cg  341.2    1.4270             SOURCE1      560         
cd-ch  332.57   1.4176                2021       57   0.0046
cd-cl  200.42   1.7333                2021       41   0.0069
cd-cs  314.42   1.4347                2021       13   0.0082
cd-cx  271.59   1.4803                2021       13   0.0034
cd-cy  251.27   1.5051                2021       11   0.0006
cd-f   342.74   1.3440                2021        4   0.0040
cd-h4  367.29   1.0818                2021     1820   0.0012
cd-h5  366.81   1.0821                2021      538   0.0010
cd-ha  364.60   1.0835                2021     2567   0.0014
cd-hx  370.00   1.0801                2021        1   0.0000
cd-i   117.44   2.1147                2021        7   0.0138
cd-n1  441.91   1.3014                2021        1   0.0000
cd-n2  466.04   1.2867                2021       42   0.0088
cd-n   335.05   1.3807                2021      265   0.0082
cd-n4  233.32   1.4917                2021        2   0.0112
cd-na  332.45   1.3830                2021     1733   0.0081
cd-nc  417.79   1.3171                2021     1768   0.0078
cd-nd  345.93   1.3713                2021     1734   0.0082
cd-ne  438.58   1.3035                2021       27   0.0125
cd-nf  340.67   1.3758                2021       11   0.0164
cd-nh  323.92   1.3907                2021       67   0.0087
cd-nm  345.34   1.3718                2021        9   0.0067
cd-no  279.53   1.4352                2021       15   0.0116
cd-ns  339.86   1.3765                2021      186   0.0077
cd-nu  346.17   1.3711                2021       94   0.0099
cd-nv  347.00   1.3704                2021      229   0.0092
cd-o   589.69   1.2194                2021        4   0.0015
cd-oh  367.31   1.3492                2021      121   0.0067
cd-os  352.89   1.3608                2021      732   0.0079
cd-p3  205.42   1.8319                2021        2   0.0007
cd-p5  198.38   1.8456                2021        2   0.0000
cd-pc  265.77   1.7338                2021        1   0.0000
cd-py  211.94   1.8197                2021        1   0.0000
cd-s6  197.86   1.8139                2021        1   0.0000
cd-sh  223.3    1.7690     SOURCE4_SOURCE5       14   0.0031
cd-ss  226.53   1.7622                2021      657   0.0200
cd-sx  198.89   1.8119                2021        5   0.0018
cd-sy  216.58   1.7792                2021       30   0.0045
ce-ce  288.33   1.4615                2021      589   0.0108
ce-cf  409.28   1.3561                2021     1365   0.0065
ce-cg  322.02   1.4274                2021      154   0.0050
ce-ch  382.57   1.3758                2021        1   0.0000
ce-cl  184.96   1.7633                2021       66   0.0129
ce-cs  259.07   1.4953                2021       10   0.0121
ce-cu  487.08   1.3066                2021        2   0.0055
ce-cv  404.10   1.3598                2021        6   0.0111
ce-cx  253.08   1.5028                2021       26   0.0077
ce-cy  242.11   1.5171                2021       36   0.0052
ce-f   333.01   1.3523                2021        3   0.0030
ce-h4  352.41   1.0914                2021      278   0.0035
ce-h5  355.29   1.0895                2021        4   0.0006
ce-ha  357.59   1.0880                2021     1796   0.0014
ce-i   100.30   2.1872                2021        3   0.0429
ce-n1  427.12   1.3109                2021       16   0.0049
ce-n2  464.18   1.2878                2021      839   0.0038
ce-n   294.00   1.4198                2021        8   0.0144
ce-na  292.46   1.4214                2021        6   0.0049
ce-ne  322.51   1.3920                2021       62   0.0156
ce-nf  441.43   1.3017                2021       40   0.0093
ce-nh  328.87   1.3862                2021       43   0.0250
ce-nj  289.01   1.4250                2021      186   0.0050
ce-nm  314.81   1.3992                2021        1   0.0000
ce-no  255.44   1.4631                2021        3   0.0129
ce-ns  312.40   1.4015                2021       11   0.0059
ce-nu  313.24   1.4007                2021       87   0.0100
ce-nv  326.88   1.3880                2021      143   0.0101
ce-nx  245.47   1.4756                2021        1   0.0000
ce-o   635.91   1.1999                2021        1   0.0000
ce-oh  359.14   1.3557                2021       36   0.0098
ce-os  339.49   1.3721                2021       83   0.0129
ce-p2  190.4    1.8140             SOUECE3        1         
ce-p5  182.77   1.8782                2021        1   0.0000
ce-pe  174.45   1.8970                2021        1   0.0000
ce-px  192.94   1.8566                2021        1   0.0000
ce-py  218.04   1.8087                2021       17   0.0171
ce-s2  220.91   1.7717                2021        2   0.0000
ce-s   291.4    1.6800             SOUECE3        1         
ce-s4  225.46   1.7640                2021        4   0.0087
ce-sh  204.80   1.8006                2021        1   0.0000
ce-ss  214.88   1.7822                2021       36   0.0113
ce-sx  195.18   1.8192                2021       20   0.0105
ce-sy  208.40   1.7939                2021       28   0.0196
c -f   321.72   1.3623                2021        4   0.0039
cf-cf  297.84   1.4514                2021      345   0.0071
cf-cg  336.3    1.4310             SOURCE1       22         
cf-ch  323.50   1.4260                2021       84   0.0058
cf-cl  196.52   1.7406                2021       17   0.0203
cf-cs  348.96   1.4031                2021        1   0.0000
cf-cv  436.8    1.3600             SOURCE5        6   0.0111
cf-cx  254.90   1.5005                2021        2   0.0008
cf-cy  250.1    1.5160     SOURCE4_SOURCE5       36   0.0052
cf-f   334.28   1.3512                2021        2   0.0033
cf-h4  348.21   1.0942                2021       37   0.0019
cf-ha  356.82   1.0885                2021      900   0.0012
cf-i   101.01   2.1839                2021        1   0.0000
cf-n1  337.67   1.3784                2021        2   0.0007
cf-n2  460.48   1.2900                2021       57   0.0041
cf-n   301.7    1.4240        CORR_SOURCE5      209   0.0059
cf-na  305.3    1.4210     SOURCE4_SOURCE5        6   0.0049
cf-ne  450.59   1.2960                2021       61   0.0100
cf-nf  316.61   1.3975                2021       10   0.0204
cf-nh  327.10   1.3878                2021       10   0.0135
cf-nj  296.05   1.4177                2021        7   0.0034
cf-no  262.7    1.4630             SOURCE5        3   0.0129
cf-ns  289.97   1.4240                2021        1   0.0000
cf-nu  334.59   1.3811                2021       11   0.0079
cf-nv  355.66   1.3632                2021       10   0.0111
cf-o   574.11   1.2264                2021        3   0.0003
cf-oh  376.36   1.3422                2021       22   0.0108
cf-os  355.57   1.3586                2021       13   0.0122
cf-p2  190.4    1.8140             SOUECE3        1         
cf-pf  188.2    1.8180             SOURCE3        8         
cf-px  186.6    1.8210             SOURCE3        6         
cf-py  195.0    1.8060     SOURCE3_SOURCE5       17   0.0171
cf-s   291.4    1.6800             SOUECE3        1         
cf-s4  225.40   1.7641                2021        2   0.0000
cf-ss  221.84   1.7701                2021       10   0.0081
cf-sx  186.06   1.8379                2021        5   0.0103
cf-sy  221.20   1.7712                2021        8   0.0110
cg-cg  396.94   1.3650                2021       46   0.0023
cg-ch  669.87   1.2206                2021       76   0.0031
cg-cs  338.34   1.4124                2021        1   0.0000
cg-n1  744.03   1.1643                2021      423   0.0014
cg-ne  404.40   1.3263                2021       44   0.0015
cg-pe  231.38   1.7859                2021        2   0.0137
c -h4  322.47   1.1123                2021      366   0.0024
c -h5  332.14   1.1053                2021      109   0.0036
c -ha  368.8    1.1010             SOURCE3       53   0.0102
ch-ch  402.71   1.3608                2021       16   0.0030
ch-n1  742.83   1.1647                2021      140   0.0014
ch-nf  402.83   1.3274                2021        7   0.0009
ch-pf  339.4    1.6210             SOURCE3       11         
c -i    87.40   2.2525                2021        1   0.0000
cl-cl   79.3    2.2670             SOURCE1        2   0.0395
cl-cs  189.84   1.7535                2021        1   0.0000
cl-cv  197.90   1.7380                2021        2   0.0089
cl-cx  173.39   1.7878                2021       42   0.0071
cl-cy  170.43   1.7944                2021       26   0.0106
cl-n1  217.6    1.6300             SOUECE3        1         
cl-n   180.10   1.7137                2021        9   0.0050
cl-n2  159.95   1.7577                2021        3   0.0031
cl-n3  154.97   1.7696                2021        5   0.0099
cl-n4  149.7    1.7530             SOURCE3        4   0.0098
cl-n7  150.35   1.7811                2021        2   0.0031
cl-n8  149.60   1.7830                2021        1   0.0000
cl-na  181.43   1.7110                2021        1   0.0000
cl-nh  161.19   1.7548                2021        2   0.0000
cl-nj  174.69   1.7249                2021        2   0.0000
cl-no  116.7    1.8400             SOURCE2        1         
cl-np  145.28   1.7942                2021        2   0.0014
cl-ns  173.41   1.7276                2021        1   0.0000
cl-nu  162.05   1.7528                2021        2   0.0480
cl-ny  157.33   1.7639                2021        2   0.0000
cl-nz  158.13   1.7620                2021        1   0.0000
cl-o   151.26   1.7720                2021        1   0.0000
cl-oh  170.38   1.7275                2021        2   0.0005
cl-os  167.23   1.7344                2021        1   0.0000
cl-p2  166.81   2.1020                2021        1   0.0000
cl-p3  138.09   2.1886                2021        8   0.0930
cl-p4  232.07   1.9588                2021        1   0.0000
cl-p5  170.68   2.0917                2021       22   0.0273
cl-pb  172.6    1.9970             SOURCE1       46         
cl-py  189.62   2.0452                2021       45   0.0072
cl-s2  185.6    2.1610             SOURCE2        1         
cl-s   230.4    2.0720             SOURCE1        6         
cl-s4  175.40   2.2061                2021        2   0.0037
cl-s6  221.60   2.0986                2021        3   0.0224
cl-sh  232.07   2.0780                2021        1   0.0000
cl-ss  218.07   2.1058                2021        8   0.0304
cl-sx  156.44   2.2607                2021        1   0.0000
cl-sy  213.76   2.1148                2021        2   0.0027
c -n1  513.14   1.2605                2021        2   0.0000
c -n2  306.3    1.4200             SOUECE3        1         
c -n   317.46   1.3967                2021     2683   0.0125
c -n4  174.20   1.5878                2021        2   0.0053
c -nc  342.30   1.3744                2021      111   0.0120
c -nd  312.61   1.4013                2021       62   0.0115
c -ne  324.90   1.3898                2021       74   0.0137
c -nf  305.31   1.4084                2021        7   0.0236
c -ni  281.72   1.4328                2021        3   0.0055
c -nj  312.82   1.4011                2021      300   0.0080
c -no  201.9    1.5400             SOUECE3        1         
c -ns  336.07   1.3798                2021     4267   0.0104
c -nt  350.46   1.3675                2021      568   0.0063
c -ny  167.09   1.6020                2021        2   0.0000
c -nz  147.44   1.6454                2021        1   0.0000
c -o   590.60   1.2190                2021    23398   0.0101
c -oh  359.27   1.3556                2021     3340   0.0056
c -op  399.64   1.3251                2021        1   0.0000
c -oq  338.91   1.3726                2021       15   0.0032
c -os  351.31   1.3621                2021     4445   0.0161
c -p2  150.0    1.9000             SOUECE3        1         
c -p3  176.83   1.8915                2021        1   0.0000
c -p4  158.4    1.8800             SOUECE3        1         
c -p5  180.11   1.8841                2021       13   0.0061
cp-cp  269.37   1.4829                2021      480   0.0084
cp-cq  288.42   1.4614                2021       27   0.0192
c -pe  157.42   1.9391                2021        1   0.0000
c -pf  145.7    1.9110             SOURCE3        3         
cp-na  296.53   1.4172                2021       17   0.0317
cp-nb  388.52   1.3377                2021      120   0.0071
c -px  174.23   1.8975                2021        1   0.0000
c -py  187.72   1.8675                2021       10   0.0048
cq-cq  263.41   1.4900                2021        6   0.0051
cq-na  349.5    1.3840             SOURCE4        7         
cq-nb  394.70   1.3332                2021        4   0.0036
c -s2  214.20   1.7834                2021        1   0.0000
c -s   298.4    1.6720     SOURCE1_SOURCE5      875   0.0114
c -s4  168.0    1.8700             SOUECE3        1         
c -s6  168.0    1.8700             SOUECE3        1         
cs-cs  243.45   1.5153                2021        2   0.0011
cs-cx  271.16   1.4808                2021        2   0.0092
cs-cy  226.19   1.5393                2021        1   0.0000
cs-f   355.81   1.3333                2021        1   0.0000
c -sh  199.56   1.8106                2021        3   0.0048
cs-h4  349.10   1.0936                2021        3   0.0009
cs-h5  354.38   1.0901                2021        7   0.0011
cs-i   105.38   2.1642                2021        1   0.0000
cs-n   347.12   1.3703                2021      147   0.0145
cs-nc  352.38   1.3659                2021        5   0.0112
cs-ne  358.97   1.3605                2021       10   0.0204
cs-nf  339.63   1.3767                2021        2   0.0004
cs-ns  347.12   1.3703                2021      282   0.0082
cs-nt  362.70   1.3575                2021       45   0.0089
cs-nz  191.79   1.5555                2021        1   0.0000
cs-o   540.72   1.2422                2021        2   0.0000
cs-oh  378.47   1.3406                2021        2   0.0002
cs-os  365.53   1.3506                2021       37   0.0114
cs-p3  202.30   1.8379                2021        1   0.0000
cs-p5  192.35   1.8578                2021        2   0.0036
cs-pe  178.33   1.8881                2021        1   0.0000
cs-px  218.89   1.8072                2021        1   0.0000
cs-py  198.08   1.8462                2021        1   0.0000
c -sq  192.44   1.8247                2021        1   0.0000
c -ss  199.66   1.8104                2021      180   0.0124
cs-s   290.99   1.6704                2021      474   0.0102
cs-sh  205.86   1.7986                2021       25   0.0076
cs-ss  220.67   1.7721                2021      105   0.0143
cs-sx  172.65   1.8675                2021        1   0.0000
cs-sy  180.29   1.8503                2021        1   0.0000
c -sx  153.96   1.9138                2021        2   0.0029
c -sy  150.50   1.9231                2021        3   0.0037
cu-cu  498.77   1.3000                2021        2   0.0001
cu-cv  481.88   1.3096                2021        1   0.0000
cu-cx  281.06   1.4695                2021       31   0.0066
cu-f   381.21   1.3138                2021        2   0.0000
cu-ha  372.41   1.0786                2021        1   0.0000
cu-ne  495.97   1.2697                2021        1   0.0000
cu-op  406.05   1.3206                2021        1   0.0000
cu-os  387.86   1.3336                2021        1   0.0000
cv-cv  431.76   1.3407                2021        3   0.0026
cv-cx  251.04   1.5054                2021        2   0.0002
cv-cy  239.29   1.5209                2021       19   0.0057
cv-ha  357.90   1.0878                2021        3   0.0001
cv-n2  492.69   1.2715                2021        1   0.0000
cv-ne  523.16   1.2553                2021        1   0.0000
cv-nh  304.50   1.4092                2021        1   0.0000
cv-nu  399.44   1.3298                2021        1   0.0000
cv-oq  265.67   1.4459                2021        1   0.0000
cv-os  344.51   1.3678                2021        1   0.0000
cv-p3  218.49   1.8079                2021        1   0.0000
cv-p5  307.24   1.6809                2021        1   0.0000
cv-sq  227.38   1.7608                2021        8   0.0086
cv-ss  250.66   1.7245                2021        1   0.0000
cx-cx  248.86   1.5082                2021     1577   0.0100
cx-cy  234.06   1.5281                2021        3   0.0083
cx-f   322.94   1.3612                2021        7   0.0043
cx-h1  356.36   1.0888                2021     1132   0.0013
cx-h2  359.29   1.0869                2021        5   0.0014
cx-hc  359.91   1.0865                2021     1658   0.0009
cx-hx  362.40   1.0849                2021       14   0.0002
cx-i   100.40   2.1867                2021        2   0.0025
cx-n1  322.29   1.3922                2021        1   0.0000
cx-n2  264.62   1.4521                2021        3   0.0065
cx-n   265.22   1.4514                2021        2   0.0026
cx-n3  280.53   1.4341                2021        2   0.0000
cx-n4  227.2    1.5050              5/2017        1         
cx-n5  249.08   1.4710                2021       21   0.0035
cx-n7  272.79   1.4427                2021        8   0.0029
cx-n8  271.55   1.4441                2021       14   0.0035
cx-na  256.83   1.4614                2021       38   0.0029
cx-nh  254.30   1.4645                2021        1   0.0000
cx-ni  237.01   1.4867                2021        8   0.0076
cx-nj  267.89   1.4483                2021        6   0.0040
cx-nk  229.83   1.4965                2021        9   0.0009
cx-nm  262.00   1.4552                2021      111   0.0081
cx-no  228.26   1.4987                2021        1   0.0000
cx-np  249.48   1.4705                2021      165   0.0035
cx-ns  280.71   1.4339                2021       12   0.0014
cx-nu  281.17   1.4334                2021       14   0.0012
cx-nz  223.82   1.5050                2021        1   0.0000
cx-oh  311.88   1.3972                2021        3   0.0035
cx-op  273.64   1.4368                2021      666   0.0065
cx-oq  274.62   1.4357                2021        1   0.0000
cx-os  303.65   1.4052                2021       13   0.0116
cx-p3  169.12   1.9096                2021        1   0.0000
cx-p5  202.71   1.8371                2021        2   0.0063
cx-s4  166.56   1.8819                2021        2   0.0203
cx-s6  180.89   1.8490                2021        2   0.0016
cx-sp  192.79   1.8240                2021        3   0.0172
cx-ss  186.77   1.8364                2021        5   0.0011
cy-cy  213.89   1.5578                2021      923   0.0062
cy-f   327.19   1.3574                2021       28   0.0109
cy-h1  347.61   1.0946                2021      460   0.0018
cy-h2  350.00   1.0930                2021      130   0.0016
cy-hc  347.46   1.0947                2021      777   0.0011
cy-hx  352.56   1.0913                2021       13   0.0007
cy-i    99.53   2.1908                2021        3   0.0116
cy-n1  286.65   1.4275                2021        1   0.0000
cy-n2  290.25   1.4237                2021        3   0.0008
cy-n   264.03   1.4528                2021       15   0.0101
cy-n3  253.25   1.4658                2021        6   0.0018
cy-n4  218.8    1.5160              5/2017        3   0.0058
cy-n6  238.81   1.4843                2021       19   0.0036
cy-n7  274.12   1.4412                2021        5   0.0026
cy-n8  262.92   1.4541                2021       12   0.0048
cy-na  270.06   1.4458                2021        8   0.0049
cy-nh  267.37   1.4489                2021        2   0.0042
cy-nj  245.86   1.4751                2021      279   0.0072
cy-nl  211.06   1.5240                2021        7   0.0075
cy-nn  243.38   1.4783                2021       10   0.0016
cy-no  214.59   1.5186                2021        7   0.0035
cy-nq  241.84   1.4803                2021       34   0.0037
cy-ns  283.20   1.4312                2021       94   0.0062
cy-nu  272.44   1.4431                2021        2   0.0004
cy-nx  210.28   1.5252                2021        2   0.0015
cy-nz  220.65   1.5096                2021        1   0.0000
cy-oh  296.77   1.4121                2021       13   0.0082
cy-oq  254.28   1.4595                2021       33   0.0108
cy-os  287.04   1.4222                2021       28   0.0080
cy-p3  169.79   1.9080                2021       10   0.0056
cy-p5  176.92   1.8913                2021        2   0.0000
cy-py  158.37   1.9366                2021        4   0.0000
cy-s4  154.07   1.9135                2021        5   0.0068
cy-s6  179.97   1.8510                2021       30   0.0135
cy-sh  186.58   1.8368                2021        1   0.0000
cy-sq  180.75   1.8493                2021       19   0.0085
cy-ss  180.48   1.8499                2021      100   0.0087
cy-sx  174.88   1.8624                2021        1   0.0000
cy-sy  180.29   1.8503                2021        1   0.0000
cz-na  365.97   1.3549                2021        4   0.0066
cz-nh  398.46   1.3305                2021        1   0.0000
cz-ns  369.79   1.3519                2021        2   0.0122
cz-nu  387.98   1.3381                2021       16   0.0040
cz-nv  385.81   1.3397                2021       33   0.0043
f -n1  167.3    1.4100             SOUECE3        1         
f -n   175.5    1.3970             SOURCE3        3   0.0112
f -n2  172.38   1.4131                2021        1   0.0000
f -n3  153.04   1.4495                2021        1   0.0000
f -n4  246.1    1.3080             SOURCE3        2         
f -n7  157.26   1.4411                2021        1   0.0000
f -na  200.64   1.3680                2021        1   0.0000
f -nh  168.50   1.4200                2021        1   0.0000
f -no  149.39   1.4570                2021        1   0.0000
f -ns  182.61   1.3958                2021        1   0.0000
f -nu  160.99   1.4339                2021        2   0.0048
f -ny  215.93   1.3467                2021        2   0.0000
f -nz  198.60   1.3710                2021        1   0.0000
f -o   198.1    1.3300             SOUECE3        1         
f -oh  151.63   1.4330                2021        1   0.0000
f -os  145.88   1.4449                2021        1   0.0000
f -p2  442.10   1.6242                2021        1   0.0000
f -p3  411.72   1.6491                2021        2   0.0000
f -p4  569.42   1.5387                2021        1   0.0000
f -p5  454.54   1.6146                2021       18   0.0161
f -py  507.08   1.5773                2021       25   0.0035
f -s2  363.5    1.6430             SOURCE2        1         
f -s   344.7    1.6600             SOUECE3        1         
f -s4  352.22   1.6464                2021        4   0.0182
f -s6  358.49   1.6402                2021       10   0.0089
f -sh  349.13   1.6495                2021        2   0.0005
f -ss  342.67   1.6561                2021        2   0.0001
f -sy  371.88   1.6274                2021        4   0.0017
h5-cf  390.5    1.0890             SOURCE5        4   0.0006
hn-n1  605.5    0.9860             SOURCE2        1         
hn-n2  454.59   1.0221                2021      624   0.0018
hn-n3  511.3    1.0190     SOURCE3_SOURCE5     5944   0.0012
hn-n+  440.90   1.0288                2021        3   0.0000
hn-n4  482.9    1.0300     SOURCE3_SOURCE5      756   0.0122
hn-n   527.3    1.0130     SOURCE3_SOURCE5     7593   0.0034
hn-n5  456.68   1.0211                2021        9   0.0009
hn-n6  462.59   1.0183                2021        9   0.0008
hn-n7  460.05   1.0195                2021     1833   0.0011
hn-n8  460.68   1.0192                2021     3922   0.0010
hn-n9  460.68   1.0192                2021       12   0.0003
hn-na  481.77   1.0095                2021     1709   0.0017
hn-nh  529.5    1.0120     SOURCE3_SOURCE5     7230   0.0022
hn-nj  527.1    1.0130              5/2017        5   0.0006
hn-nl  405.08   1.0476                2021        3   0.0410
hn-no  411.66   1.0440                2021        1   0.0000
hn-np  506.2    1.0210              5/2017        9   0.0009
hn-nq  513.9    1.0180              5/2017        9   0.0008
hn-ns  473.59   1.0132                2021     5665   0.0034
hn-nt  479.54   1.0105                2021     1513   0.0014
hn-nu  472.49   1.0137                2021     2336   0.0024
hn-nv  477.54   1.0114                2021     4693   0.0018
hn-nx  431.01   1.0338                2021       46   0.0147
hn-ny  430.82   1.0339                2021      112   0.0143
hn-nz  444.33   1.0271                2021      327   0.0133
ho-o   540.3    0.9810             SOURCE3        1         
ho-oh  535.51   0.9725                2021    20870   0.0033
hp-p2  208.07   1.4272                2021        2   0.0059
hp-p3  209.17   1.4256                2021       22   0.0018
hp-p4  208.14   1.4271                2021        2   0.0000
hp-p5  212.70   1.4205                2021       24   0.0081
hp-py  216.60   1.4150                2021        4   0.0019
hs-s   288.3    1.3530             SOURCE3        1         
hs-s4  240.04   1.3928                2021        2   0.0000
hs-s6  258.53   1.3709                2021        4   0.0020
hs-sh  277.51   1.3503                2021      379   0.0023
hs-sy  257.91   1.3716                2021        2   0.0006
i -i    46.03   3.0512                2021       10   0.0551
i -n   106.34   2.0830                2021        1   0.0000
i -n1  105.5    2.0600             SOUECE3        1         
i -n2   83.06   2.1959                2021        1   0.0000
i -n3   78.0    2.1850             SOURCE3        3   0.0437
i -n4   83.7    2.1550             SOURCE3        3   0.0168
i -n7   88.72   2.1652                2021        1   0.0000
i -na  107.78   2.0770                2021        1   0.0000
i -ne   90.43   2.1564                2021        1   0.0000
i -nh   66.60   2.3020                2021        2   0.0000
i -no   73.05   2.2570                2021        1   0.0000
i -ns  107.18   2.0795                2021        1   0.0000
i -nu   85.40   2.1829                2021        2   0.0110
i -ny   87.05   2.1740                2021        2   0.0000
i -nz   86.68   2.1760                2021        1   0.0000
i -o   141.56   1.9009                2021        2   0.0237
i -oh   91.08   2.0887                2021        2   0.0043
i -os   66.14   2.2365                2021        9   0.0245
i -p2   81.91   2.6149                2021        1   0.0000
i -p3   74.66   2.6672                2021        3   0.0119
i -p4   78.10   2.6416                2021        1   0.0000
i -p5   82.14   2.6133                2021        2   0.0360
i -s   115.8    2.4300             SOUECE3        1         
i -s2   55.52   2.8826                2021        5   0.0165
i -s4   68.91   2.7526                2021        3   0.0804
i -s6   72.71   2.7212                2021        3   0.0054
i -sh   97.12   2.5580                2021        1   0.0000
i -ss   96.89   2.5593                2021        2   0.0002
n1-n1  663.19   1.1375                2021       78   0.0044
n1-n2  446.06   1.2381                2021       36   0.0029
n1-n3  307.2    1.3500             SOUECE3        1         
n1-n4  295.8    1.3600             SOUECE3        1         
n1-na  307.2    1.3500             SOUECE3        1         
n1-nc  294.56   1.3529                2021        1   0.0000
n1-nd  325.88   1.3240                2021        1   0.0000
n1-ne  428.29   1.2489                2021        3   0.0036
n1-nf  431.36   1.2470                2021        2   0.0010
n1-nh  319.2    1.3400             SOUECE3        1         
n1-no  254.8    1.4000             SOUECE3        1         
n1-o   419.07   1.1930                2021        2   0.0000
n1-oh  272.2    1.3000             SOUECE3        1         
n1-os  261.7    1.3100             SOUECE3        1         
n1-p2  268.9    1.6780             SOURCE3        2   0.0282
n1-p3  284.3    1.6600             SOUECE3        1         
n1-p4  267.3    1.6800             SOURCE3        0         
n1-p5  377.4    1.5710             SOURCE1      132         
n1-s2  681.1    1.4490             SOURCE2        2   0.0010
n1-s   396.14   1.5950                2021        1   0.0000
n1-s4  349.3    1.6500             SOUECE3        1         
n1-s6  766.7    1.4160             SOURCE2        2         
n1-sh  396.3    1.6100             SOUECE3        1         
n1-ss  396.3    1.6100             SOUECE3        1         
n2-n2  414.29   1.2578                2021       13   0.0105
n2-n3  333.0    1.3290             SOURCE2        1         
n2-n4  192.21   1.4821                2021        1   0.0000
n2-na  280.22   1.3674                2021       31   0.0099
n2-nc  447.0    1.2550             SOURCE1       13         
n2-nd  447.0    1.2550             SOURCE1       13         
n2-ne  405.32   1.2637                2021       27   0.0074
n2-nf  406.37   1.2630                2021        1   0.0000
n2-nh  295.27   1.3522                2021       60   0.0186
n2-nj  269.08   1.3793                2021        1   0.0000
n2-no  282.15   1.3654                2021       11   0.0154
n2-ns  287.72   1.3597                2021      155   0.0114
n2-nu  297.94   1.3496                2021      114   0.0102
n2-nv  265.19   1.3836                2021       10   0.0183
n2-ny  197.27   1.4739                2021        2   0.0002
n2-nz  184.00   1.4960                2021        1   0.0000
n2-o   378.85   1.2190                2021       92   0.0050
n2-oh  204.82   1.3902                2021      149   0.0171
n2-os  197.47   1.4011                2021       98   0.0096
n2-p2  338.0    1.6050             SOURCE3       35   0.0737
n2-p3  299.05   1.6791                2021        2   0.1063
n2-p4  234.1    1.7240             SOUECE3        1         
n2-p5  487.21   1.5128                2021        1   0.0000
n2-pe  418.1    1.5400             SOURCE3       20   0.1392
n2-pf  418.1    1.5400             SOURCE3       20         
n2-s2  456.49   1.5474                2021       11   0.0086
n2-s4  241.44   1.7730                2021        6   0.0463
n2-s   496.4    1.5410             SOURCE1       37         
n2-s6  445.74   1.5553                2021       11   0.0054
n2-sh  267.06   1.7352                2021        1   0.0000
n2-ss  310.94   1.6797                2021       28   0.0443
n2-sx  227.66   1.7954                2021        4   0.0007
n2-sy  461.21   1.5440                2021        7   0.0042
n3-n3  216.50   1.4449                2021        7   0.0122
n3-n4  228.5    1.4300     SOURCE1_SOURCE5        9   0.0040
n3-n7  241.30   1.4118                2021        3   0.0022
n3-n8  226.52   1.4310                2021        9   0.0023
n3-na  236.9    1.4200             SOURCE1       68         
n3-nh  258.05   1.3917                2021        7   0.0168
n3-no  260.67   1.3887                2021       14   0.0121
n3-ns  250.80   1.4002                2021       18   0.0034
n3-nu  250.21   1.4009                2021        4   0.0038
n3-o   344.39   1.2441                2021        2   0.0079
n3-oh  168.39   1.4496                2021       11   0.0069
n3-os  166.83   1.4525                2021        9   0.0078
n3-p2  275.6    1.6700             SOUECE3        1         
n3-p3  257.73   1.7333                2021        7   0.0258
n3-p4  253.8    1.6970             SOURCE1       88         
n3-p5  294.50   1.6846                2021       56   0.0189
n3-py  301.98   1.6756                2021        4   0.0046
n3-s   228.5    1.7920             SOURCE3        3   0.0178
n3-s4  221.48   1.8060                2021        2   0.0269
n3-s6  274.38   1.7252                2021       50   0.0219
n3-sh  266.7    1.7390             SOURCE3        3   0.0154
n3-ss  267.49   1.7346                2021        2   0.0080
n3-sx  230.53   1.7906                2021        1   0.0000
n3-sy  289.85   1.7051                2021       57   0.0109
n4-n4  188.9    1.4840             SOURCE3        4   0.0089
n4-n7  194.04   1.4791                2021        2   0.0000
n4-n8  208.68   1.4563                2021        2   0.0007
n4-na  221.40   1.4380                2021        2   0.0002
n4-nc  255.46   1.3947                2021        1   0.0000
n4-nh  201.1    1.4660             SOURCE3        5   0.0108
n4-no  191.5    1.4800             SOUECE3        1         
n4-ns  215.73   1.4460                2021        2   0.0055
n4-o   218.89   1.3706                2021        2   0.0092
n4-oh  186.0    1.4000             SOURCE3        3   0.0115
n4-os  148.44   1.4892                2021        1   0.0000
n4-p2  126.9    1.9420             SOURCE3       10   0.0643
n4-p3  153.60   1.9360                2021        1   0.0000
n4-p4  128.3    1.9380             SOURCE3        1         
n4-p5  128.63   2.0108                2021        1   0.0000
n4-py  141.2    1.9020             SOURCE3        4         
n4-s   204.0    1.8320             SOURCE3        3   0.0004
n4-s4  139.7    1.9720             SOURCE3        3   0.0198
n4-s6  151.01   1.9600                2021        1   0.0000
n4-sh  216.5    1.8110             SOURCE3        3   0.0027
n4-ss  215.9    1.8120             SOURCE3        5   0.0064
n6-nj  206.68   1.4593                2021        1   0.0000
n6-nq  185.21   1.4939                2021        1   0.0000
n7-n7  228.68   1.4281                2021        8   0.0064
n7-n8  227.85   1.4292                2021       21   0.0037
n7-nh  206.55   1.4595                2021        1   0.0000
n7-no  264.57   1.3843                2021        1   0.0000
n7-ns  254.94   1.3953                2021       16   0.0018
n7-nu  238.12   1.4158                2021       11   0.0060
n7-ny  214.27   1.4481                2021        2   0.0001
n7-nz  210.63   1.4534                2021        2   0.0040
n7-oh  170.20   1.4463                2021        9   0.0050
n7-os  175.36   1.4371                2021       20   0.0111
n7-p3  259.34   1.7310                2021        4   0.0029
n7-p4  268.36   1.7184                2021        1   0.0000
n7-p5  295.57   1.6833                2021       42   0.0159
n7-py  304.44   1.6727                2021        1   0.0000
n7-s4  263.92   1.7396                2021        4   0.0065
n7-s6  298.03   1.6950                2021       54   0.0112
n7-sh  267.35   1.7348                2021        2   0.0000
n7-ss  279.05   1.7190                2021       13   0.0213
n7-sx  290.09   1.7048                2021        1   0.0000
n7-sy  295.90   1.6976                2021       79   0.0095
n8-n8  188.26   1.4887                2021        2   0.0001
n8-nh  197.96   1.4728                2021        2   0.0075
n8-no  286.44   1.3610                2021        1   0.0000
n8-ns  243.71   1.4088                2021       35   0.0060
n8-nu  239.78   1.4137                2021       31   0.0046
n8-ny  213.85   1.4487                2021        1   0.0000
n8-oh  168.61   1.4492                2021        1   0.0000
n8-os  170.75   1.4453                2021       13   0.0025
n8-p5  299.80   1.6782                2021       12   0.0047
n8-py  300.80   1.6770                2021        1   0.0000
n8-s6  299.68   1.6930                2021       47   0.0158
n8-ss  279.50   1.7184                2021        1   0.0000
n8-sx  275.50   1.7237                2021        2   0.0024
n8-sy  300.51   1.6920                2021      117   0.0047
na-na  271.29   1.3769                2021       26   0.0207
na-nb  299.60   1.3480                2021       21   0.0098
na-nc  290.41   1.3570                2021      747   0.0063
na-nd  290.41   1.3570                2021      210   0.0065
na-ne  255.89   1.3942                2021        1   0.0000
na-nh  248.71   1.4027                2021        4   0.0091
na-no  227.63   1.4295                2021        7   0.0067
na-ns  257.44   1.3924                2021        4   0.0075
na-nu  258.48   1.3912                2021        8   0.0060
na-nv  249.13   1.4022                2021        7   0.0045
na-ny  227.41   1.4298                2021        2   0.0000
na-nz  223.58   1.4350                2021        1   0.0000
na-o   363.67   1.2297                2021       68   0.0157
na-oh  206.62   1.3876                2021        9   0.0072
na-os  184.06   1.4223                2021       26   0.0301
na-p2  277.84   1.7057                2021        2   0.0035
na-p3  285.28   1.6961                2021        3   0.0018
na-p4  254.35   1.7382                2021        1   0.0000
na-p5  196.37   1.8370                2021        5   0.0384
na-pc  228.5    1.7320             SOURCE3       81   0.0207
na-pd  228.5    1.7320             SOURCE3       81         
na-py  242.6    1.7120             SOURCE3        2         
na-s   247.1    1.7650             SOURCE3        8   0.0095
na-s4  186.67   1.8732                2021        2   0.0000
na-s6  282.64   1.7143                2021        5   0.0056
na-sh  284.35   1.7121                2021        2   0.0020
na-ss  270.18   1.7309                2021       12   0.0049
na-sy  263.42   1.7403                2021        3   0.0132
nb-nb  316.60   1.3322                2021       83   0.0068
nb-pb  358.2    1.5870             SOURCE1      162   0.0091
nc-nc  281.86   1.3657                2021       15   0.0063
nc-nd  357.83   1.2978                2021      175   0.0067
nc-ns  295.78   1.3517                2021       15   0.0121
nc-os  194.40   1.4058                2021      119   0.0084
nc-s2  364.10   1.6240                2021        2   0.0001
nc-ss  319.40   1.6701                2021       81   0.0160
nc-sy  473.8    1.5550             SOURCE3        2         
nd-nd  283.80   1.3637                2021      247   0.0062
nd-ns  294.96   1.3525                2021        6   0.0132
nd-os  199.26   1.3984                2021       78   0.0060
nd-ss  323.18   1.6659                2021       33   0.0120
nd-sy  473.8    1.5550             SOURCE3        2         
ne-ne  261.46   1.3878                2021       20   0.0173
ne-nf  405.77   1.2634                2021       53   0.0038
ne-nh  382.00   1.2798                2021        1   0.0000
ne-ns  366.21   1.2914                2021        1   0.0000
ne-nu  251.47   1.3994                2021        2   0.0536
ne-nv  372.10   1.2870                2021        1   0.0000
ne-o   352.67   1.2378                2021       15   0.0138
ne-p2  387.4    1.5630             SOURCE3       14   0.1325
ne-pe  240.26   1.7595                2021        1   0.0000
ne-px  268.87   1.7177                2021        2   0.0000
ne-py  372.30   1.6023                2021       78   0.0120
ne-s2  457.45   1.5467                2021        1   0.0000
ne-s4  328.50   1.6601                2021        6   0.0027
ne-s   503.0    1.5370             SOURCE3       22   0.1708
ne-s6  393.02   1.5977                2021        3   0.0054
ne-sx  338.12   1.6499                2021       16   0.0238
ne-sy  329.62   1.6589                2021       42   0.0197
nf-nf  275.38   1.3725                2021        8   0.0079
nf-o   343.35   1.2449                2021        2   0.0125
nf-p2  387.4    1.5630             SOURCE3       14         
nf-pf  242.6    1.7120             SOURCE3       28         
nf-px  250.0    1.7020             SOURCE3       11         
nf-py  349.59   1.6240                2021        6   0.0019
nf-s4  338.6    1.6600             SOURCE5        6   0.0027
nf-s   503.0    1.5370             SOURCE3       22         
nf-s6  412.2    1.5980             SOURCE5        3   0.0054
nf-sx  344.32   1.6435                2021        3   0.0007
nf-sy  368.97   1.6194                2021        3   0.0126
nh-nh  328.66   1.3216                2021        1   0.0000
nh-no  251.64   1.3992                2021        4   0.0118
nh-ns  224.01   1.4344                2021        9   0.0182
nh-nu  253.07   1.3975                2021        1   0.0000
nh-o   320.45   1.2634                2021       13   0.0097
nh-oh  197.47   1.4011                2021        8   0.0123
nh-os  183.70   1.4229                2021        7   0.0016
nh-p2  268.1    1.6790             SOURCE3       17   0.0872
nh-p3  273.39   1.7116                2021        1   0.0000
nh-p4  247.0    1.7060             SOURCE3        3   0.0008
nh-p5  268.21   1.7186                2021        2   0.0027
nh-s   233.8    1.7840             SOURCE3        3   0.0076
nh-s4  258.9    1.7490             SOURCE3        3   0.0203
nh-s6  267.35   1.7348                2021       11   0.0045
nh-sh  292.5    1.7080             SOURCE3        1         
nh-ss  281.11   1.7163                2021        1   0.0000
nh-sy  288.50   1.7068                2021       18   0.0090
nj-nq  206.1    1.4590              5/2017        1         
nj-os  199.52   1.3980                2021        2   0.0028
nj-p5  238.16   1.7628                2021        2   0.0519
nj-s6  274.83   1.7246                2021       13   0.0159
n -n1  319.2    1.3400             SOUECE3        1         
n -n2  287.33   1.3601                2021       99   0.0097
n -n   231.77   1.4240                2021       19   0.0070
n -n3  244.52   1.4078                2021        2   0.0035
n -n4  206.08   1.4602                2021        1   0.0000
n -n7  232.31   1.4233                2021        2   0.0058
n -n8  247.80   1.4038                2021        6   0.0058
n -na  238.52   1.4153                2021       40   0.0033
n -nc  284.77   1.3627                2021       83   0.0140
n -nd  279.36   1.3683                2021       11   0.0144
n -ne  262.52   1.3866                2021        1   0.0000
n -nh  231.24   1.4247                2021        2   0.0246
n -no  234.07   1.4210                2021        2   0.0000
nn-p5  311.52   1.6645                2021        2   0.0000
n -ns  238.52   1.4153                2021        8   0.0117
n -nu  250.38   1.4007                2021        1   0.0000
n -nv  241.22   1.4119                2021        2   0.0015
n -o   380.90   1.2176                2021        6   0.0095
n -oh  191.89   1.4097                2021       53   0.0079
no-no   65.4    1.8240             SOURCE3        1         
no-nq  294.25   1.3532                2021        1   0.0000
no-ns  246.48   1.4054                2021        1   0.0000
no-nu  262.08   1.3871                2021       13   0.0052
no-o   361.74   1.2311                2021     2565   0.0135
no-oh  177.66   1.4331                2021        2   0.0238
no-os  185.34   1.4202                2021       85   0.0067
no-p2  162.35   1.9132                2021        1   0.0000
no-p3  177.67   1.8767                2021        1   0.0000
no-p4  160.58   1.9177                2021        1   0.0000
no-p5  185.26   1.8600                2021        1   0.0000
n -os  196.28   1.4029                2021       31   0.0167
no-s   264.3    1.7420             SOURCE3        2         
no-s4  135.70   2.0053                2021        1   0.0000
no-s6  150.33   1.9619                2021        1   0.0000
no-sh  200.40   1.8450                2021        1   0.0000
no-ss  208.47   1.8295                2021        1   0.0000
n -p2  227.9    1.7330             SOURCE3        8   0.0217
n -p3  246.95   1.7492                2021        2   0.0018
n -p4  227.2    1.7340             SOURCE3        1         
n -p5  289.57   1.6907                2021        3   0.0224
n -pc  223.2    1.7400             SOURCE3        3   0.0010
n -pd  223.2    1.7400             SOURCE3        3         
np-op  152.37   1.4809                2021        2   0.0016
np-os  176.51   1.4351                2021        1   0.0000
np-p3  241.86   1.7570                2021        1   0.0000
np-p5  280.45   1.7023                2021       41   0.0041
np-py  282.54   1.6996                2021        5   0.0044
np-s6  227.66   1.7954                2021        2   0.0042
np-sy  267.57   1.7345                2021        2   0.0135
n -py  255.93   1.7359                2021        1   0.0000
nq-nq  182.5    1.4940              5/2017        1         
nq-p5  257.52   1.7336                2021        4   0.0747
nq-s4  268.29   1.7335                2021        2   0.0000
n -s   245.6    1.7670             SOURCE3        3   0.0011
n -s4  261.87   1.7425                2021        2   0.0002
n -s6  250.83   1.7586                2021        7   0.0176
n -sh  275.5    1.7280             SOURCE3        4   0.0128
ns-ns  258.74   1.3909                2021       20   0.0047
ns-nu  251.55   1.3993                2021       17   0.0042
ns-nx  225.92   1.4318                2021        1   0.0000
ns-ny  230.18   1.4261                2021        1   0.0000
ns-nz  233.30   1.4220                2021        1   0.0000
ns-o   394.81   1.2083                2021        1   0.0000
ns-oh  195.70   1.4038                2021       60   0.0027
ns-os  189.18   1.4140                2021       12   0.0086
ns-p2  252.64   1.7407                2021        1   0.0000
ns-p3  236.90   1.7648                2021        1   0.0000
ns-p4  250.08   1.7445                2021        1   0.0000
ns-p5  272.04   1.7134                2021       13   0.0080
ns-py  259.83   1.7303                2021        1   0.0000
n -ss  268.65   1.7330                2021       11   0.0100
ns-s4  241.25   1.7733                2021        2   0.0041
ns-s6  286.54   1.7093                2021       13   0.0082
ns-sh  283.42   1.7133                2021        1   0.0000
ns-ss  278.97   1.7191                2021        4   0.0071
ns-sy  283.34   1.7134                2021       50   0.0058
n -sy  268.14   1.7337                2021       23   0.0144
nu-nu  241.06   1.4121                2021        6   0.0095
nu-ny  195.03   1.4775                2021        1   0.0000
nu-nz  197.33   1.4738                2021        1   0.0000
nu-o   341.17   1.2466                2021        3   0.0000
nu-oh  185.34   1.4202                2021       32   0.0051
nu-os  190.94   1.4112                2021       12   0.0057
nu-p2  271.82   1.7137                2021        2   0.0007
nu-p3  257.31   1.7339                2021        1   0.0000
nu-p4  262.02   1.7272                2021        2   0.0036
nu-p5  290.05   1.6901                2021        8   0.0134
nu-py  274.13   1.7106                2021        2   0.0000
nu-s4  257.55   1.7487                2021        3   0.0016
nu-s6  298.35   1.6946                2021       44   0.0044
nu-sh  281.95   1.7152                2021        2   0.0151
nu-ss  279.35   1.7186                2021        4   0.0078
nu-sy  281.87   1.7153                2021      137   0.0110
nx-o   237.01   1.3475                2021        1   0.0000
ny-ny  188.44   1.4884                2021        1   0.0000
ny-o   241.09   1.3426                2021        1   0.0000
ny-oh  189.24   1.4139                2021        1   0.0000
ny-os  186.45   1.4184                2021        1   0.0000
ny-p3  159.45   1.9206                2021        1   0.0000
ny-p5  186.99   1.8563                2021        1   0.0000
ny-s   201.17   1.8435                2021        1   0.0000
ny-s6  147.74   1.9692                2021        1   0.0000
ny-sh  210.03   1.8266                2021        1   0.0000
ny-ss  163.82   1.9262                2021        2   0.0872
nz-o   239.92   1.3440                2021        1   0.0000
nz-p2  147.47   1.9529                2021        1   0.0000
nz-p4  140.91   1.9720                2021        1   0.0000
oh-oh  145.92   1.4556                2021        2   0.0004
oh-os  145.50   1.4565                2021       30   0.0043
oh-p2  332.30   1.6723                2021        1   0.0000
oh-p3  329.16   1.6757                2021        1   0.0000
oh-p4  349.07   1.6548                2021        1   0.0000
oh-p5  391.88   1.6144                2021     1029   0.0100
oh-py  381.04   1.6241                2021       33   0.0044
oh-s   221.37   1.8230                2021        1   0.0000
oh-s4  310.63   1.6957                2021       19   0.0105
oh-s6  364.85   1.6384                2021      180   0.0167
oh-sh  311.32   1.6949                2021        3   0.0000
oh-ss  315.04   1.6906                2021        8   0.0185
oh-sx  304.45   1.7030                2021        1   0.0000
oh-sy  352.70   1.6503                2021       90   0.0034
o -o   141.4    1.4300             SOURCE3        2   0.0500
o -oh  116.98   1.5260                2021        1   0.0000
o -os  109.1    1.5040             SOURCE3        3   0.0117
o -p2  529.57   1.5138                2021        1   0.0000
o -p3  480.5    1.5150             SOURCE3       35   0.0297
o -p4  542.87   1.5058                2021       18   0.0135
o -p5  573.03   1.4885                2021     1055   0.0115
o -pe  470.8    1.5210             SOURCE3       20   0.0171
o -pf  470.8    1.5210             SOURCE3       20         
op-op   94.61   1.5968                2021        2   0.0081
op-p5  387.81   1.6180                2021        3   0.0012
op-s6  384.66   1.6200                2021        1   0.0000
op-sp  200.44   1.8621                2021        1   0.0000
o -px  527.45   1.5151                2021        8   0.0026
o -py  576.29   1.4867                2021       56   0.0050
oq-p5  312.41   1.6945                2021        4   0.0003
o -s2  565.06   1.4922                2021        2   0.0004
o -s4  536.88   1.5086                2021      137   0.0127
o -s   616.25   1.4648                2021        2   0.0033
o -s6  614.49   1.4657                2021     1418   0.0088
o -sh  539.22   1.5072                2021        3   0.0044
os-os  141.68   1.4648                2021       44   0.0078
os-p2  324.42   1.6809                2021        2   0.0000
os-p3  334.17   1.6703                2021       16   0.0069
os-p4  355.36   1.6485                2021        1   0.0000
os-p5  387.59   1.6182                2021      949   0.0171
os-py  386.47   1.6192                2021       51   0.0095
os-s   227.4    1.8000             SOURCE3        3   0.0052
os-s4  316.62   1.6888                2021       17   0.0173
o -ss  547.67   1.5022                2021       19   0.0193
os-s6  359.79   1.6433                2021      166   0.0199
os-sh  317.41   1.6879                2021        1   0.0000
os-ss  299.81   1.7086                2021       12   0.0174
os-sx  293.09   1.7169                2021        4   0.0005
os-sy  306.38   1.7007                2021       20   0.1193
o -sx  527.00   1.5146                2021       96   0.0048
o -sy  614.68   1.4656                2021     1915   0.0058
p2-p2  307.6    1.7860             SOURCE3       25   0.3488
p2-p3  121.47   2.2525                2021        1   0.0000
p2-p4  110.7    2.1790             SOUECE3        1         
p2-p5  110.4    2.1800             SOUECE3        1         
p2-pe  244.9    1.8670             SOURCE3       16   0.3571
p2-pf  244.9    1.8670             SOURCE3       16         
p2-s   375.1    1.7720             SOURCE3       26   0.3014
p2-s4  126.3    2.1900             SOUECE3        1         
p2-s6  129.3    2.1800             SOUECE3        1         
p2-sh  166.47   2.1488                2021        2   0.0000
p2-ss  167.53   2.1459                2021        4   0.0088
p3-p3  115.95   2.2750                2021        7   0.0419
p3-p4  121.59   2.2520                2021        1   0.0000
p3-p5  128.68   2.2249                2021        2   0.0233
p3-s   168.7    2.0700             SOUECE3        1         
p3-s4  129.22   2.2683                2021        1   0.0000
p3-s6  137.73   2.2376                2021        1   0.0000
p3-sh  159.34   2.1690                2021        1   0.0000
p3-ss  163.53   2.1570                2021        3   0.0008
p4-p4  157.7    2.0340             SOURCE1        1         
p4-p5   96.7    2.2370             SOUECE3        1         
p4-s   140.2    2.1460             SOURCE3        5   0.0601
p4-s4  109.6    2.2510             SOUECE3        1         
p4-s6  105.2    2.2690             SOUECE3        1         
p4-sh  162.79   2.1591                2021        1   0.0000
p4-ss  167.90   2.1449                2021        1   0.0000
p5-p5  120.36   2.2569                2021        1   0.0000
p5-s   263.92   1.9473                2021       84   0.0136
p5-s4  181.8    2.0400             SOUECE3        1         
p5-s6  181.8    2.0400             SOUECE3        1         
p5-sh  177.05   2.1207                2021        4   0.0025
p5-sq  158.90   2.1703                2021       12   0.0011
p5-ss  178.94   2.1159                2021       51   0.0130
pe-pe  126.88   2.2316                2021        1   0.0000
pe-pf  149.6    2.0550             SOURCE3        1         
pe-px  124.80   2.2395                2021        1   0.0000
pe-py  127.69   2.2286                2021        1   0.0000
pe-s   390.6    1.7580             SOURCE3       31   0.3197
pe-sx  133.0    2.1680             SOURCE3        9   0.1743
pe-sy  133.05   2.2542                2021        1   0.0000
pf-pf  136.5    2.0920             SOURCE3        7         
pf-px  169.8    2.0050             SOURCE3       12         
pf-py  161.3    2.0250             SOURCE3       12         
pf-s   390.6    1.7580             SOURCE3       31         
pf-sx  133.0    2.1680             SOURCE3        9         
pf-sy  119.7    2.2130             SOURCE3        6         
px-px  118.98   2.2625                2021        1   0.0000
px-py  105.6    2.1990             SOURCE3        5   0.0238
px-sx  111.9    2.2420             SOURCE3        3   0.0119
px-sy  126.70   2.2779                2021        1   0.0000
py-py  128.55   2.2254                2021        3   0.0172
py-s   248.33   1.9728                2021       17   0.0159
py-ss  163.43   2.1573                2021        3   0.0162
py-sx  146.62   2.2079                2021        1   0.0000
py-sy  147.34   2.2056                2021        1   0.0000
s4-s4  243.6    2.0800             SOUECE3        1         
s4-s6  243.6    2.0800             SOUECE3        1         
s4-sh  184.44   2.2107                2021        1   0.0000
s4-ss  125.66   2.3996                2021       11   0.0412
s6-s6  243.6    2.0800             SOUECE3        1         
s6-sh  213.66   2.1423                2021        2   0.0169
s6-sp  246.25   2.0783                2021        1   0.0000
s6-ss  197.76   2.1780                2021        4   0.0171
sh-sh  236.03   2.0972                2021        2   0.0008
sh-ss  236.35   2.0966                2021        1   0.0000
sp-sp  222.42   2.1240                2021        1   0.0000
s -s2  391.1    1.8970             SOURCE1        5         
s -s   276.1    2.0300             SOURCE3        1         
s -s4  247.31   2.0764                2021        2   0.0041
s -s6  270.6    2.0380             SOURCE3        3   0.0311
s -sh  214.74   2.1400                2021        1   0.0000
s -ss  238.3    2.0890             SOURCE3        1         
ss-ss  237.20   2.0950                2021      231   0.0131
ss-sx  201.33   2.1697                2021        3   0.0206
ss-sy  183.74   2.2125                2021        4   0.0105
sx-sx   54.76   2.8656                2021        2   0.1756
sx-sy  160.8    2.2550             SOURCE3        5   0.0737
sy-sy  162.7    2.2500             SOURCE3        3   0.0289